# P-values	0.001	0.0005	0.0001
AHR_MOUSE.H11MO.0.B	3.3193649999999995	3.9024150000000004	5.154045
AIRE_MOUSE.H11MO.0.C	5.55011	6.26976	7.74521
ALX1_MOUSE.H11MO.0.B	5.4381	6.188834999999999	7.62084
ANDR_MOUSE.H11MO.0.A	3.1922099999999998	4.38466	6.864560000000001
AP2A_MOUSE.H11MO.0.A	3.0766150000000003	4.268915	6.69731
AP2B_MOUSE.H11MO.0.B	4.229699999999999	4.911695	6.30162
AP2C_MOUSE.H11MO.0.A	3.48911	4.63101	7.05012
ARI5B_MOUSE.H11MO.0.C	5.146665	5.71549	6.88536
ARNT_MOUSE.H11MO.0.B	2.11109	2.64396	5.40709
ASCL1_MOUSE.H11MO.0.A	3.1063099999999997	4.42636	7.272010000000001
ASCL2_MOUSE.H11MO.0.C	4.24543	5.25056	7.758509999999999
ATF1_MOUSE.H11MO.0.B	3.79049	4.70336	6.274559999999999
ATF2_MOUSE.H11MO.0.A	4.648515	5.554755	7.26621
ATF3_MOUSE.H11MO.0.A	5.0747	6.216595	7.67777
ATF4_MOUSE.H11MO.0.A	2.466665	4.050945	6.75737
ATOH1_MOUSE.H11MO.0.B	4.22513	5.28277	7.83985
BACH1_MOUSE.H11MO.0.C	4.346550000000001	5.257709999999999	7.103009999999999
BACH2_MOUSE.H11MO.0.A	4.400205	5.390025	7.409050000000001
BARX1_MOUSE.H11MO.0.C	5.78797	6.40138	7.61696
BATF3_MOUSE.H11MO.0.A	5.36886	6.273109999999999	8.12301
BATF_MOUSE.H11MO.0.A	5.46811	6.31846	8.01371
BCL6_MOUSE.H11MO.0.A	5.442665	6.273545	7.977354999999999
BHA15_MOUSE.H11MO.0.A	4.067235	5.16681	7.36145
BHE40_MOUSE.H11MO.0.A	3.54793	4.439865	6.02862
BMAL1_MOUSE.H11MO.0.A	3.7917199999999998	4.622385	6.6025100000000005
BRAC_MOUSE.H11MO.0.B	4.96311	5.92121	7.9379100000000005
CDX1_MOUSE.H11MO.0.C	5.3853349999999995	5.920035	6.798299999999999
CDX2_MOUSE.H11MO.0.A	5.218615	6.16065	8.036545
CEBPA_MOUSE.H11MO.0.A	4.8656299999999995	6.211475	8.201505000000001
CEBPB_MOUSE.H11MO.0.A	4.53763	5.799815000000001	8.041519999999998
CEBPD_MOUSE.H11MO.0.B	5.58462	6.253665	7.478785
CEBPE_MOUSE.H11MO.0.A	5.266715	6.07621	7.52491
CEBPG_MOUSE.H11MO.0.B	3.6832700000000003	4.986000000000001	7.42423
CLOCK_MOUSE.H11MO.0.C	4.793559999999999	5.39201	6.603060000000001
COE1_MOUSE.H11MO.0.A	3.56146	4.7656600000000005	7.27792
COT1_MOUSE.H11MO.0.B	5.3797	6.2498000000000005	7.770300000000001
COT2_MOUSE.H11MO.0.A	5.30091	6.16736	7.951630000000001
CREB1_MOUSE.H11MO.0.A	4.21267	5.0203050000000005	6.4990000000000006
CREM_MOUSE.H11MO.0.C	4.368365	5.136564999999999	6.739335
CRX_MOUSE.H11MO.0.A	5.28486	6.12191	7.818065000000001
CTCFL_MOUSE.H11MO.0.A	-0.24404	1.0676100000000002	3.82841
CTCF_MOUSE.H11MO.0.A	-0.06584	1.28971	4.1452100000000005
CUX1_MOUSE.H11MO.0.C	4.77361	5.47636	6.822560000000001
CUX2_MOUSE.H11MO.0.C	5.69159	6.3776	7.782705
DBP_MOUSE.H11MO.0.B	5.238155	5.91088	7.162845
DDIT3_MOUSE.H11MO.0.C	4.953035	6.02534	7.652005
DLX3_MOUSE.H11MO.0.C	5.19219	6.019195	7.67416
DLX5_MOUSE.H11MO.0.C	5.50607	6.183695	7.483269999999999
DMRT1_MOUSE.H11MO.0.C	4.02996	5.14981	7.501660000000001
DMRTB_MOUSE.H11MO.0.C	4.76786	5.68556	7.587810000000001
E2F1_MOUSE.H11MO.0.A	3.19491	4.12496	5.94437
E2F2_MOUSE.H11MO.0.B	3.605225	4.178565	5.4135349999999995
E2F3_MOUSE.H11MO.0.A	2.5703300000000002	3.61685	5.71324
E2F4_MOUSE.H11MO.0.A	3.10826	4.04846	5.93946
E2F5_MOUSE.H11MO.0.B	3.6362099999999997	4.2629	5.87468
E2F6_MOUSE.H11MO.0.A	3.39461	4.392659999999999	6.3938299999999995
E2F7_MOUSE.H11MO.0.C	4.249359999999999	5.11026	6.744175
EGR1_MOUSE.H11MO.0.A	0.96421	2.2531600000000003	4.94686
EGR2_MOUSE.H11MO.0.A	3.2530099999999997	4.29091	6.42911
EHF_MOUSE.H11MO.0.B	3.53841	4.82826	7.61176
ELF1_MOUSE.H11MO.0.A	2.4664599999999997	3.6548599999999998	6.09421
ELF2_MOUSE.H11MO.0.C	5.04011	5.8151	7.420310000000001
ELF3_MOUSE.H11MO.0.B	4.35651	5.55156	7.93867
ELF5_MOUSE.H11MO.0.A	4.0747599999999995	5.318859999999999	7.86866
ELK1_MOUSE.H11MO.0.B	3.5995099999999995	4.595185000000001	6.635365
ELK4_MOUSE.H11MO.0.B	4.33111	5.15006	6.76939
EPAS1_MOUSE.H11MO.0.C	3.590745	4.185165	5.52201
ERG_MOUSE.H11MO.0.A	4.25896	5.36656	7.40071
ERR1_MOUSE.H11MO.0.A	3.2717099999999997	4.666625	7.293845000000001
ERR2_MOUSE.H11MO.0.A	4.04951	5.18446	7.55076
ERR3_MOUSE.H11MO.0.C	5.023149999999999	5.904405000000001	7.790945
ESR1_MOUSE.H11MO.0.A	4.240959999999999	5.24256	7.3136600000000005
ESR2_MOUSE.H11MO.0.A	4.10841	5.0198599999999995	6.92281
ETS1_MOUSE.H11MO.0.A	3.7408599999999996	4.84066	7.0739600000000005
ETS2_MOUSE.H11MO.0.A	5.81361	6.54866	7.841425
ETV2_MOUSE.H11MO.0.A	3.6605600000000003	4.87076	7.348610000000001
ETV4_MOUSE.H11MO.0.B	5.3509150000000005	5.97293	7.12925
ETV6_MOUSE.H11MO.0.C	5.710345	6.675504999999999	7.96129
EVI1_MOUSE.H11MO.0.B	4.23531	5.32576	7.61706
FEV_MOUSE.H11MO.0.B	4.998984999999999	5.5317799999999995	6.546659999999999
FLI1_MOUSE.H11MO.0.A	3.32631	4.33786	6.39561
FOSB_MOUSE.H11MO.0.A	5.234439999999999	5.942500000000001	7.825815
FOSL1_MOUSE.H11MO.0.A	3.673215	4.78506	7.46323
FOSL2_MOUSE.H11MO.0.A	4.14945	5.212365	7.453275
FOS_MOUSE.H11MO.0.A	2.6263449999999997	4.37012	6.470055
FOXA1_MOUSE.H11MO.0.A	4.791605	5.7958750000000006	8.105925
FOXA2_MOUSE.H11MO.0.A	5.05181	6.03961	8.129529999999999
FOXA3_MOUSE.H11MO.0.A	5.11261	6.07841	8.102345
FOXC1_MOUSE.H11MO.0.C	4.92476	5.839510000000001	7.754815000000001
FOXD3_MOUSE.H11MO.0.C	5.80181	6.44916	7.764660000000001
FOXI1_MOUSE.H11MO.0.B	3.2551699999999997	4.727155	7.4033050000000005
FOXJ2_MOUSE.H11MO.0.C	5.5486249999999995	6.3499550000000005	8.17247
FOXJ3_MOUSE.H11MO.0.A	3.2328599999999996	4.680115	7.565505
FOXK1_MOUSE.H11MO.0.A	5.4551750000000006	6.29157	7.69725
FOXL2_MOUSE.H11MO.0.C	5.41353	6.373530000000001	8.216470000000001
FOXM1_MOUSE.H11MO.0.B	5.62976	6.40203	7.966445
FOXO1_MOUSE.H11MO.0.A	5.61679	6.492445	7.7012350000000005
FOXO3_MOUSE.H11MO.0.B	5.015775	6.061865	7.996995
FOXO4_MOUSE.H11MO.0.C	5.688165	6.343245	7.958235
FOXP2_MOUSE.H11MO.0.A	5.600485	6.47276	7.647075
FOXQ1_MOUSE.H11MO.0.C	5.39958	6.261655	7.902975
GABPA_MOUSE.H11MO.0.A	2.5611099999999998	3.74591	6.097759999999999
GATA1_MOUSE.H11MO.0.A	4.77126	5.63681	7.391260000000001
GATA2_MOUSE.H11MO.0.A	5.3862749999999995	6.18888	7.852465
GATA3_MOUSE.H11MO.0.A	5.46521	6.30971	7.9474100000000005
GATA4_MOUSE.H11MO.0.A	5.087975	6.017754999999999	8.092935
GATA6_MOUSE.H11MO.0.A	5.115825	5.976845	7.71787
GCR_MOUSE.H11MO.0.A	4.38176	5.40616	7.525260000000001
GFI1B_MOUSE.H11MO.0.A	5.5229800000000004	6.384214999999999	8.040555000000001
GFI1_MOUSE.H11MO.0.C	5.51908	6.42712	8.005635
GLI1_MOUSE.H11MO.0.C	3.7863300000000004	4.822625	7.037889999999999
GRHL2_MOUSE.H11MO.0.A	4.77591	5.75931	7.670915
HAND1_MOUSE.H11MO.0.C	4.92186	5.8941099999999995	7.8723600000000005
HEN1_MOUSE.H11MO.0.C	1.9104099999999997	3.04461	5.44496
HIC1_MOUSE.H11MO.0.C	4.55405	5.330819999999999	7.20006
HIF1A_MOUSE.H11MO.0.C	4.2985500000000005	4.892245	6.057335
HINFP_MOUSE.H11MO.0.C	2.5342599999999997	3.34556	5.02136
HLF_MOUSE.H11MO.0.C	4.867475000000001	5.8156099999999995	7.70585
HNF1A_MOUSE.H11MO.0.A	5.079459999999999	5.97161	7.83056
HNF1B_MOUSE.H11MO.0.A	4.64611	5.63221	7.7027600000000005
HNF4A_MOUSE.H11MO.0.A	4.49146	5.56171	7.75051
HNF4G_MOUSE.H11MO.0.C	4.64956	5.69401	7.822965
HNF6_MOUSE.H11MO.0.A	4.32191	5.272715	8.22834
HSF1_MOUSE.H11MO.0.A	3.27376	4.563610000000001	7.29241
HSF2_MOUSE.H11MO.0.A	5.10086	5.82771	7.352960000000001
HTF4_MOUSE.H11MO.0.A	5.107279999999999	5.9225900000000005	7.478405
HXA10_MOUSE.H11MO.0.C	5.4211849999999995	6.047739999999999	7.35469
HXA13_MOUSE.H11MO.0.C	5.350265	5.992145	7.3465
HXA1_MOUSE.H11MO.0.C	5.23413	6.0806450000000005	7.569755
HXA9_MOUSE.H11MO.0.B	5.320069999999999	6.197625	7.925275
HXB4_MOUSE.H11MO.0.A	5.68436	6.10181	7.2669250000000005
HXB7_MOUSE.H11MO.0.C	5.323320000000001	6.380825	7.735275
HXB8_MOUSE.H11MO.0.C	5.24784	6.288349999999999	7.923375
HXC9_MOUSE.H11MO.0.A	5.275074999999999	6.108135	7.791125
IKZF1_MOUSE.H11MO.0.C	5.458805	6.317705	7.486165
INSM1_MOUSE.H11MO.0.C	3.7638049999999996	4.781140000000001	6.94908
IRF1_MOUSE.H11MO.0.A	2.92886	4.3113600000000005	7.18191
IRF2_MOUSE.H11MO.0.B	2.86046	4.22896	7.07381
IRF3_MOUSE.H11MO.0.A	5.09301	6.1288599999999995	8.282110000000001
IRF4_MOUSE.H11MO.0.A	4.9932099999999995	6.02816	8.175410000000001
IRF7_MOUSE.H11MO.0.C	5.6615400000000005	6.507925	7.761570000000001
IRF8_MOUSE.H11MO.0.A	3.75201	5.00826	7.617510000000001
IRF9_MOUSE.H11MO.0.C	5.2959700000000005	6.090145	7.633385
ISL1_MOUSE.H11MO.0.A	5.588265	6.179	7.024795
ITF2_MOUSE.H11MO.0.B	3.41151	3.9001	6.801115
JUNB_MOUSE.H11MO.0.A	4.964595	5.835305	8.009025
JUND_MOUSE.H11MO.0.A	4.28427	5.47611	7.427670000000001
JUN_MOUSE.H11MO.0.A	4.55342	5.67553	7.5572099999999995
KAISO_MOUSE.H11MO.0.B	1.9828599999999998	2.81281	4.5709599999999995
KLF15_MOUSE.H11MO.0.A	2.20716	3.4482099999999996	6.035159999999999
KLF1_MOUSE.H11MO.0.A	2.4546599999999996	3.64806	6.10741
KLF3_MOUSE.H11MO.0.A	2.2226099999999995	3.3517599999999996	5.69111
KLF4_MOUSE.H11MO.0.A	4.41481	5.28461	7.079910000000001
KLF5_MOUSE.H11MO.0.A	3.26401	4.35311	6.605360000000001
KLF6_MOUSE.H11MO.0.B	3.78821	4.693009999999999	6.575660000000001
KLF8_MOUSE.H11MO.0.C	4.60933	5.371535	6.59301
LEF1_MOUSE.H11MO.0.B	6.00106	6.660760000000001	7.931610000000001
LHX2_MOUSE.H11MO.0.A	5.32189	6.152235	7.954005
LHX3_MOUSE.H11MO.0.C	5.817655	6.2852049999999995	6.947935
LHX6_MOUSE.H11MO.0.C	5.436545000000001	6.266640000000001	8.071275
LYL1_MOUSE.H11MO.0.A	5.391209999999999	6.004659999999999	7.241910000000001
MAFB_MOUSE.H11MO.0.B	5.44911	6.14724	7.65196
MAFF_MOUSE.H11MO.0.A	3.77141	4.89511	7.279210000000001
MAFG_MOUSE.H11MO.0.A	1.0312100000000002	2.5097099999999997	5.627559999999999
MAFK_MOUSE.H11MO.0.A	2.29736	3.65151	6.49841
MAF_MOUSE.H11MO.0.A	5.15601	6.0514600000000005	7.887560000000001
MAX_MOUSE.H11MO.0.A	3.2581249999999997	4.189209999999999	5.961985
MAZ_MOUSE.H11MO.0.A	3.74371	4.78641	6.973560000000001
MBD2_MOUSE.H11MO.0.B	1.8211300000000001	2.6727300000000005	4.380465000000001
MECP2_MOUSE.H11MO.0.C	2.99196	3.1750800000000003	4.768675
MEF2A_MOUSE.H11MO.0.A	5.5202100000000005	6.359909999999999	8.109770000000001
MEF2C_MOUSE.H11MO.0.A	5.38251	6.269959999999999	8.099365
MEF2D_MOUSE.H11MO.0.A	4.7084600000000005	5.72101	7.81906
MEIS1_MOUSE.H11MO.0.A	5.34746	6.1891099999999994	7.959764999999999
MEIS2_MOUSE.H11MO.0.B	3.21136	4.571059999999999	7.46959
MITF_MOUSE.H11MO.0.A	4.68832	5.41967	7.109235
MSGN1_MOUSE.H11MO.0.C	3.84898	5.09924	7.636939999999999
MTF1_MOUSE.H11MO.0.C	2.83366	3.79086	5.8110599999999994
MXI1_MOUSE.H11MO.0.A	3.48911	4.34976	6.0049600000000005
MYBA_MOUSE.H11MO.0.C	3.4661099999999996	4.49181	6.643260000000001
MYB_MOUSE.H11MO.0.A	5.11481	5.95467	7.442629999999999
MYCN_MOUSE.H11MO.0.A	3.630565	4.505990000000001	6.06707
MYC_MOUSE.H11MO.0.A	3.28906	4.14256	5.831935
MYF6_MOUSE.H11MO.0.C	4.965059999999999	5.42243	7.020125
MYOD1_MOUSE.H11MO.0.A	3.35831	4.575609999999999	7.40591
MYOG_MOUSE.H11MO.0.A	3.60626	4.72511	7.336774999999999
NANOG_MOUSE.H11MO.0.A	5.78946	6.667260000000001	8.47261
NDF1_MOUSE.H11MO.0.A	4.081664999999999	5.230935000000001	7.808705
NDF2_MOUSE.H11MO.0.A	4.48931	5.57942	7.75175
NF2L1_MOUSE.H11MO.0.C	5.406	6.018565	6.67517
NF2L2_MOUSE.H11MO.0.A	5.17351	5.99726	7.712810000000001
NFAC1_MOUSE.H11MO.0.A	4.846259999999999	5.91066	8.06921
NFAC2_MOUSE.H11MO.0.C	5.665570000000001	6.671635	8.456154999999999
NFAC3_MOUSE.H11MO.0.B	5.687635	6.33598	7.807085
NFAC4_MOUSE.H11MO.0.C	5.73049	6.63227	7.89965
NFE2_MOUSE.H11MO.0.A	2.90276	4.16066	6.811560000000001
NFIA_MOUSE.H11MO.0.C	4.89751	5.71021	7.387410000000001
NFIB_MOUSE.H11MO.0.C	5.16145	6.40421	7.836835
NFIC_MOUSE.H11MO.0.A	5.82989	6.775665	7.82114
NFIL3_MOUSE.H11MO.0.C	4.984375	5.93421	7.823365000000001
NFKB1_MOUSE.H11MO.0.A	3.993505	5.04823	7.27088
NFKB2_MOUSE.H11MO.0.C	4.43153	5.455775	7.506975000000001
NFYA_MOUSE.H11MO.0.A	4.1894100000000005	5.32541	7.711360000000001
NFYB_MOUSE.H11MO.0.A	3.5526649999999997	4.82062	7.46906
NFYC_MOUSE.H11MO.0.B	3.8091099999999996	5.03731	7.603720000000001
NGN2_MOUSE.H11MO.0.C	4.29862	5.340325	7.60804
NKX21_MOUSE.H11MO.0.A	5.379415	6.37003	8.070045
NKX22_MOUSE.H11MO.0.A	5.571985	6.403335	7.597325
NKX25_MOUSE.H11MO.0.A	5.21369	6.1152999999999995	7.556985000000001
NKX28_MOUSE.H11MO.0.C	5.369035	5.94348	7.26813
NKX31_MOUSE.H11MO.0.C	5.625629999999999	6.399335000000001	7.85392
NKX32_MOUSE.H11MO.0.B	5.013465	5.973649999999999	8.080549999999999
NKX61_MOUSE.H11MO.0.A	5.88831	6.698860000000001	8.381310000000001
NOBOX_MOUSE.H11MO.0.C	5.266695	6.336485	7.8682300000000005
NR1D1_MOUSE.H11MO.0.A	5.31886	6.101559999999999	7.71396
NR1D2_MOUSE.H11MO.0.A	5.20306	6.05471	7.796760000000001
NR1H3_MOUSE.H11MO.0.A	5.31661	6.141859999999999	7.823160000000001
NR1H4_MOUSE.H11MO.0.A	3.59711	4.52006	6.46316
NR1I2_MOUSE.H11MO.0.C	5.22391	6.10616	7.93896
NR1I3_MOUSE.H11MO.0.C	4.99046	5.88706	7.76006
NR2C1_MOUSE.H11MO.0.C	4.9687149999999995	5.763515	7.410145
NR2C2_MOUSE.H11MO.0.A	5.08961	5.925565	7.648975
NR2E3_MOUSE.H11MO.0.C	5.65911	6.4703599999999994	8.170675
NR4A1_MOUSE.H11MO.0.B	5.755885	6.409355	7.3884
NR4A2_MOUSE.H11MO.0.C	5.3668499999999995	6.18478	7.649964999999999
NR5A2_MOUSE.H11MO.0.A	4.633205	5.66464	7.901405
NRF1_MOUSE.H11MO.0.A	-1.2930899999999999	-0.059090000000000004	2.54326
OLIG2_MOUSE.H11MO.0.A	5.250259999999999	6.12321	7.887510000000001
OTX2_MOUSE.H11MO.0.A	5.362775	6.268575	8.0714
OVOL1_MOUSE.H11MO.0.C	4.89978	5.44968	6.5820799999999995
OVOL2_MOUSE.H11MO.0.C	3.1961649999999997	3.45179	4.0172799999999995
P53_MOUSE.H11MO.0.A	2.33491	3.5172099999999995	6.01926
P63_MOUSE.H11MO.0.B	2.87376	4.0888100000000005	6.624960000000001
P73_MOUSE.H11MO.0.B	4.24156	5.23246	7.302810000000001
PAX5_MOUSE.H11MO.0.A	3.78396	4.64071	6.42056
PAX6_MOUSE.H11MO.0.C	5.17897	5.9414750000000005	7.45662
PBX1_MOUSE.H11MO.0.A	4.555125	5.51896	7.5483899999999995
PBX2_MOUSE.H11MO.0.C	5.68061	6.37381	7.80761
PBX3_MOUSE.H11MO.0.A	4.92956	5.98916	7.98826
PDX1_MOUSE.H11MO.0.B	5.3823300000000005	6.321154999999999	7.9673050000000005
PEBB_MOUSE.H11MO.0.C	5.188305	5.86479	7.308954999999999
PIT1_MOUSE.H11MO.0.C	5.78791	6.49036	7.92722
PITX1_MOUSE.H11MO.0.C	5.5201899999999995	6.460265	7.85277
PKNX1_MOUSE.H11MO.0.A	4.677815	5.567315	7.4038699999999995
PO2F1_MOUSE.H11MO.0.C	5.4307099999999995	6.28926	8.052710000000001
PO2F2_MOUSE.H11MO.0.B	5.30983	6.14257	7.8660499999999995
PO3F1_MOUSE.H11MO.0.C	5.529909999999999	6.3628599999999995	8.08801
PO3F2_MOUSE.H11MO.0.A	4.53501	5.55401	7.687310000000001
PO5F1_MOUSE.H11MO.0.A	4.72436	5.80611	8.04306
PPARA_MOUSE.H11MO.0.A	5.02761	5.94186	7.842560000000001
PPARG_MOUSE.H11MO.0.A	5.227460000000001	6.10706	7.9180600000000005
PRD14_MOUSE.H11MO.0.A	4.8872599999999995	5.731310000000001	7.48906
PRD16_MOUSE.H11MO.0.B	5.387475	6.189385	7.69939
PRDM1_MOUSE.H11MO.0.A	4.789960000000001	5.879865000000001	8.103580000000001
PRDM5_MOUSE.H11MO.0.A	4.38186	5.43471	7.49666
PRDM9_MOUSE.H11MO.0.C	3.8978599999999997	5.002409999999999	7.29356
PRGR_MOUSE.H11MO.0.A	4.37916	5.40346	7.53026
PROP1_MOUSE.H11MO.0.C	5.31143	6.241565	8.0436
PRRX2_MOUSE.H11MO.0.C	5.11486	6.82732	7.6565
PTF1A_MOUSE.H11MO.0.A	4.4318100000000005	5.40871	7.404860000000001
RARA_MOUSE.H11MO.0.A	2.58901	3.8540599999999996	6.52511
RARG_MOUSE.H11MO.0.C	4.795159999999999	5.63441	7.3574600000000006
RELB_MOUSE.H11MO.0.C	5.15591	5.87457	7.349785000000001
REL_MOUSE.H11MO.0.A	5.28156	6.15161	7.93041
REST_MOUSE.H11MO.0.A	-2.79639	-1.16289	2.3256099999999997
RFX1_MOUSE.H11MO.0.A	1.40006	2.5527100000000003	4.97561
RFX2_MOUSE.H11MO.0.A	3.12566	4.090859999999999	6.13791
RFX3_MOUSE.H11MO.0.C	1.20751	2.52841	5.30566
RFX6_MOUSE.H11MO.0.C	4.99564	5.729445	7.186920000000001
RORA_MOUSE.H11MO.0.C	5.4142600000000005	6.224015	7.757685
RORG_MOUSE.H11MO.0.B	5.126435	6.039175	7.879335
RUNX1_MOUSE.H11MO.0.A	4.453275	5.52017	7.80999
RUNX2_MOUSE.H11MO.0.A	4.70272	5.69046	7.726649999999999
RUNX3_MOUSE.H11MO.0.A	4.31011	5.424365	7.711815
RXRA_MOUSE.H11MO.0.A	4.24386	5.27401	7.43961
RXRB_MOUSE.H11MO.0.C	5.21358	5.87274	7.199925
RXRG_MOUSE.H11MO.0.B	2.94581	4.18136	6.780510000000001
SALL4_MOUSE.H11MO.0.A	4.9162	5.836175	7.556205
SIX2_MOUSE.H11MO.0.A	5.22671	6.148759999999999	7.939375
SIX4_MOUSE.H11MO.0.C	5.388859999999999	6.02961	7.316410000000001
SMAD2_MOUSE.H11MO.0.A	5.35084	6.13791	7.6928149999999995
SMAD3_MOUSE.H11MO.0.B	5.475835	6.09821	7.29002
SMAD4_MOUSE.H11MO.0.A	5.21411	5.88418	7.256195
SMCA5_MOUSE.H11MO.0.C	4.946009999999999	5.874409999999999	7.818910000000001
SNAI1_MOUSE.H11MO.0.C	4.992375	5.475575	7.122719999999999
SNAI2_MOUSE.H11MO.0.A	3.1436599999999997	4.075565	7.13848
SOX10_MOUSE.H11MO.0.B	5.39266	6.33586	8.28051
SOX2_MOUSE.H11MO.0.A	5.41991	6.3682099999999995	8.303160000000002
SOX3_MOUSE.H11MO.0.C	5.394325	6.36095	8.14725
SOX4_MOUSE.H11MO.0.A	5.532835	6.412565	8.195430000000002
SOX5_MOUSE.H11MO.0.C	5.4818750000000005	5.95433	7.777965
SOX9_MOUSE.H11MO.0.A	4.89431	5.985609999999999	8.15991
SP1_MOUSE.H11MO.0.A	0.33231	1.5048599999999999	4.00876
SP2_MOUSE.H11MO.0.B	1.26741	2.2629099999999998	4.36041
SP3_MOUSE.H11MO.0.B	2.81561	3.77166	5.7344100000000005
SP4_MOUSE.H11MO.0.B	3.62216	4.53416	6.42736
SP5_MOUSE.H11MO.0.C	3.17891	4.28356	6.609210000000001
SP7_MOUSE.H11MO.0.A	5.10431	5.99821	7.83396
SPI1_MOUSE.H11MO.0.A	3.5613099999999998	4.85491	7.511010000000001
SPIB_MOUSE.H11MO.0.A	2.1007599999999997	3.5712099999999998	6.64096
SRBP1_MOUSE.H11MO.0.B	4.72408	5.527830000000001	7.05484
SRBP2_MOUSE.H11MO.0.B	4.82666	5.56316	6.995360000000001
SRF_MOUSE.H11MO.0.A	4.71416	5.7267600000000005	7.8334600000000005
SRY_MOUSE.H11MO.0.B	5.83814	6.435045000000001	7.767995000000001
STA5A_MOUSE.H11MO.0.A	4.695085	5.83328	7.82138
STA5B_MOUSE.H11MO.0.A	5.35222	6.30198	8.38175
STAT1_MOUSE.H11MO.0.A	5.40891	6.43326	8.55371
STAT2_MOUSE.H11MO.0.A	3.9704099999999998	5.2298599999999995	7.82911
STAT3_MOUSE.H11MO.0.A	5.38607	6.15657	7.747045
STAT4_MOUSE.H11MO.0.A	5.686985	6.42948	7.7725100000000005
STAT6_MOUSE.H11MO.0.A	5.4097100000000005	6.32081	8.227415
STF1_MOUSE.H11MO.0.B	4.98729	5.858555	7.7745
SUH_MOUSE.H11MO.0.A	5.421035	6.21635	7.70599
TAF1_MOUSE.H11MO.0.A	4.68351	5.47836	7.09126
TAL1_MOUSE.H11MO.0.A	4.25841	5.34571	7.66676
TBP_MOUSE.H11MO.0.A	5.618825	6.34848	7.833975000000001
TBX20_MOUSE.H11MO.0.C	4.652559999999999	5.62961	7.627460000000001
TBX21_MOUSE.H11MO.0.A	5.563815	6.13859	7.225375
TBX3_MOUSE.H11MO.0.B	5.3725249999999996	6.184559999999999	7.350815000000001
TCF7_MOUSE.H11MO.0.A	5.85101	6.5941600000000005	8.057860000000002
TEAD1_MOUSE.H11MO.0.A	4.32405	5.424004999999999	7.720905
TEAD2_MOUSE.H11MO.0.C	4.687025	5.675065	7.718015
TEAD4_MOUSE.H11MO.0.A	5.02926	6.01501	8.004560000000001
TF2L1_MOUSE.H11MO.0.C	3.4416599999999997	4.599959999999999	6.965810000000001
TF65_MOUSE.H11MO.0.A	4.602085000000001	5.6486149999999995	7.679875
TF7L1_MOUSE.H11MO.0.A	5.743885000000001	6.577755	8.24832
TF7L2_MOUSE.H11MO.0.A	5.3582149999999995	6.2820599999999995	8.12416
TFE2_MOUSE.H11MO.0.A	4.01058	5.0991	7.66341
TFE3_MOUSE.H11MO.0.A	3.2761499999999995	4.30815	6.32013
TFEB_MOUSE.H11MO.0.C	0.68442	1.2852350000000001	4.99952
TGIF1_MOUSE.H11MO.0.A	5.006349999999999	5.929965	7.8978649999999995
THA11_MOUSE.H11MO.0.B	1.61066	2.88936	5.6197099999999995
THA_MOUSE.H11MO.0.C	4.36786	5.36071	7.4348600000000005
TWST1_MOUSE.H11MO.0.B	4.63691	5.66736	7.795810000000001
TYY1_MOUSE.H11MO.0.A	2.9962150000000003	4.116675	6.51293
USF1_MOUSE.H11MO.0.A	0.74081	2.092675	4.878080000000001
USF2_MOUSE.H11MO.0.A	1.00611	2.25676	4.8080099999999995
VDR_MOUSE.H11MO.0.A	4.34296	5.3125599999999995	7.31411
VSX2_MOUSE.H11MO.0.C	2.06689	3.099745	6.7408
WT1_MOUSE.H11MO.0.B	1.83011	3.05761	5.650409999999999
XBP1_MOUSE.H11MO.0.C	-0.98061	0.8611949999999999	3.6423449999999997
ZBT17_MOUSE.H11MO.0.A	2.07681	3.19496	5.55226
ZBT7A_MOUSE.H11MO.0.B	3.93889	4.87639	7.5386
ZEB1_MOUSE.H11MO.0.B	5.162655	6.0661000000000005	7.6321449999999995
ZFP42_MOUSE.H11MO.0.A	4.42336	5.42548	7.4503900000000005
ZFP57_MOUSE.H11MO.0.B	3.441305	4.46233	6.16823
ZFX_MOUSE.H11MO.0.B	1.6962599999999999	2.9280099999999996	5.5252099999999995
ZIC1_MOUSE.H11MO.0.B	4.80945	5.460915	6.6833599999999995
ZIC2_MOUSE.H11MO.0.C	3.7780099999999996	4.85366	7.08091
ZIC3_MOUSE.H11MO.0.A	3.93146	4.99536	7.18221
ZKSC1_MOUSE.H11MO.0.A	3.11751	4.21126	6.519209999999999
ZN143_MOUSE.H11MO.0.A	-0.36449	1.0963600000000002	4.21746
ZN281_MOUSE.H11MO.0.A	-1.27034	0.42091	3.94591
ZN322_MOUSE.H11MO.0.B	3.23916	4.26146	6.43126
ZN335_MOUSE.H11MO.0.A	3.49406	4.49746	6.61941
ZN431_MOUSE.H11MO.0.C	0.6905600000000001	2.10311	5.100059999999999